5
(단위: 십억원)
(단위: 십억원)
포괄손익계산서
2023
2024
2025F
2026F
2027F
재무상태표
2023
2024
2025F
2026F
2027F
매출액
258,935
300,871
328,669
360,844
392,282
유동자산
195,937
227,062
249,701
317,422
398,853
증가율 (%)
-14.3
16.2
9.2
9.8
8.7
현금성자산
69,081
53,706
46,456
90,878
152,574
매출원가
180,389
186,562
201,542
185,304
195,605
단기투자자산
22,691
58,909
69,071
76,990
83,698
매출원가율 (%)
69.7
62.0
61.3
51.4
49.9
매출채권
36,647
43,623
51,148
57,012
61,979
매출총이익
78,547
114,309
127,127
175,540
196,677
재고자산
51,626
51,755
60,683
67,640
73,533
매출이익률 (%)
30.3
38.0
38.7
48.6
50.1
기타유동자산
15,256
19,033
22,316
24,874
27,041
증가율 (%)
-30.0
45.5
11.2
38.1
12.0
비유동자산
259,969
287,470
295,274
305,388
315,962
판매관리비
71,980
81,583
89,418
99,244
104,289
유형자산
187,256
205,945
207,198
218,422
230,044
판관비율(%)
27.8
27.1
27.2
27.5
26.6
무형자산
22,742
23,739
24,464
21,661
19,180
EBITDA
45,234
75,357
84,245
124,804
143,025
투자자산
20,680
24,349
27,028
28,721
30,155
EBITDA 이익률 (%)
17.5
25.0
25.6
34.6
36.5
기타비유동자산
29,291
33,437
36,583
36,583
36,583
증가율 (%)
-45.2
66.6
11.8
48.1
14.6
기타금융업자산
0
0
0
0
0
영업이익
6,567
32,726
37,708
76,296
92,389
자산총계
455,906
514,532
544,975
622,810
714,816
영업이익률 (%)
2.5
10.9
11.5
21.1
23.6
유동부채
75,719
93,326
99,806
110,315
119,215
증가율 (%)
-84.9
398.3
15.2
102.3
21.1
단기차입금
7,115
13,173
7,210
7,240
7,265
영업외손익
3,552
4,053
5,379
5,973
7,680
매입채무
11,320
12,370
14,504
16,167
17,576
금융수익
16,100
16,703
11,124
7,640
8,381
유동성장기부채
1,309
2,207
1,204
1,204
1,204
금융비용
12,646
12,986
6,630
1,666
701
기타유동부채
55,976
65,576
76,888
85,704
93,171
기타영업외손익
97
335
884
0
0
비유동부채
16,509
19,014
24,288
26,841
29,004
종속/관계기업관련손익
888
751
578
0
0
사채
538
15
13
13
13
세전계속사업이익
11,006
37,530
43,665
82,269
100,069
장기차입금
0
7
2,006
2,006
2,006
세전계속사업이익률
4.3
12.5
13.3
22.8
25.5
장기금융부채
0
0
0
0
0
증가율 (%)
-76.3
241.0
16.3
88.4
21.6
기타비유동부채
15,971
18,993
22,269
24,822
26,984
법인세비용
-4,481
3,078
4,120
7,800
9,433
기타금융업부채
0
0
0
0
0
계속사업이익
15,487
34,451
39,545
74,469
90,636
부채총계
92,228
112,340
124,095
137,156
148,219
중단사업이익
0
0
0
0
0
지배주주지분
353,234
391,688
409,619
473,277
552,859
당기순이익
15,487
34,451
39,545
74,469
90,636
자본금
898
898
898
898
898
당기순이익률 (%)
6.0
11.5
12.0
20.6
23.1
자본잉여금
4,404
4,404
4,404
4,404
4,404
증가율 (%)
-72.2
122.5
14.8
88.3
21.7
자본조정 등
99
-1,725
-2,532
-2,532
-2,532
지배주주지분 순이익
14,473
33,621
38,775
73,352
89,277
기타포괄이익누계액
1,181
17,598
10,319
10,319
10,319
비지배주주지분 순이익
1,014
830
770
1,117
1,360
이익잉여금
346,652
370,513
396,530
460,188
539,770
기타포괄이익
3,350
16,845
-7,358
0
0
비지배주주지분
10,444
10,504
11,261
12,378
13,737
총포괄이익
18,837
51,296
32,186
74,469
90,636
자본총계
363,678
402,192
420,880
485,655
566,597
(단위: 십억원)
(단위: 원,배,%)
현금흐름표
2023
2024
2025F
2026F
2027F
주요투자지표
2023
2024
2025F
2026F
2027F
영업활동으로인한현금흐름
44,137
72,983
79,555
120,628
139,283
EPS(당기순이익 기준)
2,395
5,572
6,473
12,382
15,113
당기순이익
15,487
34,451
39,545
74,469
90,636
EPS(지배순이익 기준)
2,225
5,433
6,343
12,193
14,883
유형자산 상각비
35,532
39,650
43,414
45,706
48,155
BPS(자본총계 기준)
53,540
59,210
62,486
72,103
84,120
무형자산 상각비
3,134
2,981
3,122
2,802
2,481
BPS(지배지분 기준)
52,002
57,663
60,814
70,265
82,080
외환손익
0
0
0
0
0
DPS
1,444
1,446
1,462
1,462
1,462
운전자본의 감소(증가)
-5,459
-1,568
-7,235
-2,349
-1,989
P/E(당기순이익 기준)
32.8
9.5
16.1
8.4
6.9
기타
-4,557
-2,532
708
0
0
P/E(지배순이익 기준)
35.3
9.8
16.4
8.5
7.0
투자활동으로인한현금흐름
-16,923
-85,382
-65,585
-66,542
-67,918
P/B(자본총계 기준)
1.5
0.9
1.7
1.4
1.2
투자자산의 감소(증가)
5,460
-384
-1,595
-1,693
-1,434
P/B(지배지분 기준)
1.5
0.9
1.7
1.5
1.3
유형자산의 감소
98
156
102
0
0
EV/EBITDA(Reported)
9.9
3.5
7.0
4.3
3.3
유형자산의 증가(CAPEX)
-57,611
-51,406
-49,463
-56,930
-59,777
배당수익률
1.8
2.7
1.4
1.4
1.4
기타
35,130
-33,748
-14,628
-7,919
-6,708
성장성 (%)
재무활동으로인한현금흐름
-8,593
-7,797
-19,615
-9,664
-9,669
EPS(당기순이익 기준)
-73.7
132.6
16.2
91.3
22.1
차입금의 증가(감소)
1,933
6,064
-3,963
30
25
EPS(지배순이익 기준)
-75.2
144.1
16.8
92.2
22.1
사채의증가(감소)
2
-523
-1
0
0
수익성 (%)
자본의 증가
0
0
0
0
0
ROE(당기순이익 기준)
4.3
9.0
9.6
16.4
17.2
배당금
-9,864
-10,889
-9,869
-9,694
-9,694
ROE(지배순이익 기준)
4.1
9.0
9.7
16.6
17.4
기타
-664
-2,450
-5,782
0
0
ROA
3.4
7.1
7.5
12.8
13.6
기타현금흐름
779
4,821
-1,605
0
0
안정성 (%)
현금의증가(감소)
19,400
-15,375
-7,250
44,422
61,696
부채비율
25.4
27.9
29.5
28.2
26.2
기초현금
49,681
69,081
53,706
46,456
90,878
순차입금비율
순현금
순현금
순현금
순현금
순현금
기말현금
69,081
53,706
46,456
90,878
152,574
이자보상배율
7.1
36.2
56.0
109.2
131.9
* K-IFRS 연결기준